1 144 75
2 314 37
3 426 51
4 477 45
5 766 74
6 847 78
7 932 82
8 115 108
9 184 118
10 376 112
11 425 111
12 456 100
13 540 123
14 628 100
15 708 97
16 782 125
17 923 156
18 77 142
19 137 149
20 223 138
21 299 168
22 432 185
23 493 155
24 593 158
25 637 166
26 701 120
27 709 162
28 736 140
29 845 178
30 949 173
31 99 172
32 191 199
33 265 191
34 380 198
35 449 224
36 475 221
37 516 190
38 604 196
39 659 183
40 728 220
41 756 208
42 927 214
43 54 206
44 146 228
45 217 241
46 272 224
47 323 210
48 393 251
49 502 256
50 544 230
51 637 232
52 690 222
53 731 257
54 767 251
55 850 246
56 955 258
57 95 253
58 170 254
59 190 278
60 228 274
61 289 288
62 321 281
63 397 316
64 449 307
65 495 301
66 525 295
67 576 284
68 645 279
69 702 272
70 769 287
71 837 290
72 901 294
73 82 281
74 117 316
75 159 307
76 218 309
77 249 345
78 302 336
79 334 332
80 409 347
81 478 362
82 504 345
83 562 328
84 604 316
85 643 304
86 708 332
87 774 351
88 801 356
89 835 342
90 875 342
91 942 336
92 60 358
93 63 379
94 121 365
95 150 361
96 284 388
97 314 378
98 351 367
99 389 373
100 460 390
101 518 365
102 600 343
103 653 338
104 710 361
105 854 377
106 916 391
107 953 388
108 838 437
109 325 438
110 372 392
111 397 425
112 416 415
113 477 424
114 522 416
115 595 387
116 707 428
117 780 451
118 705 472
119 932 481
120 54 500
121 85 500
122 133 493
123 249 491
124 310 476
125 432 450
126 559 428
127 631 458
128 737 583
129 772 479
130 413 492
131 447 471
132 529 470
133 601 511
134 662 491
135 802 500
136 910 550
137 212 534
138 335 513
139 409 516
140 531 508
141 628 525
142 704 539
143 769 531
144 65 586
145 96 583
146 139 577
147 174 569
148 221 560
149 259 558
150 303 543
151 326 569
152 359 545
153 377 565
154 457 553
155 477 590
156 536 590
157 572 597
158 651 569
159 654 664
160 797 593
161 862 593
162 951 601
163 139 602
164 178 609
165 271 619
166 361 601
167 432 618
168 459 637
169 533 629
170 568 622
171 842 740
172 718 637
173 815 666
174 902 643
175 938 681
176 40 646
177 86 638
178 155 630
179 234 651
180 285 660
181 333 646
182 355 658
183 409 633
184 502 671
185 550 703
186 608 694
187 695 677
188 780 680
189 82 705
190 123 730
191 180 689
192 191 741
193 320 692
194 335 712
195 370 712
196 429 680
197 437 720
198 646 750
199 789 754