1 8 1 T
1 9 1 T
1 58 1 B
1 46 1 B
1 46 1 U
2 20 1 T
2 10 1 T
3 4 1 T
3 11 1 T
3 12 1 T
3 22 1 B
3 23 1 B
4 13 1 T
5 15 1 T
5 16 1 T
6 29 1 T
6 7 1 T
7 17 1 T
7 42 1 B
8 18 1 T
8 19 1 T
9 19 1 T
9 20 1 T
10 21 1 T
10 11 1 T
10 34 1 T
11 22 1 T
12 23 1 T
13 23 1 T
13 24 1 T
13 23 1 B
13 14 1 B
13 52 1 B
13 46 1 U
13 89 1 U
14 25 1 T
14 15 1 T
14 15 1 B
14 13 1 B
15 14 1 T
15 16 1 T
15 26 1 T
15 14 1 B
15 29 1 B
15 41 1 B
16 15 1 T
16 28 1 T
16 29 1 T
17 29 1 T
17 30 1 T
18 43 1 T
18 31 1 T
19 32 1 T
20 33 1 T
21 33 1 T
22 34 1 T
22 23 1 T
22 35 1 T
22 34 1 B
22 23 1 B
22 65 1 B
23 37 1 T
23 3 1 B
23 67 1 B
24 37 1 T
24 38 1 T
25 38 1 T
25 39 1 T
26 39 1 T
26 27 1 T
27 28 1 T
27 40 1 T
28 27 1 T
28 41 1 T
29 41 1 T
29 42 1 T
29 55 1 B
29 41 1 B
29 42 1 B
30 42 1 T
31 43 1 T
31 44 1 T
32 44 1 T
32 45 1 T
32 33 1 T
33 46 1 T
34 47 1 T
34 48 1 T
34 46 1 B
34 63 1 B
35 48 1 T
35 36 1 T
35 65 1 T
36 37 1 T
36 49 1 T
37 50 1 T
38 50 1 T
38 51 1 T
39 52 1 T
39 51 1 T
40 52 1 T
40 41 1 T
40 53 1 T
41 54 1 T
41 52 1 B
41 87 1 B
42 56 1 T
42 72 1 T
42 72 1 B
43 57 1 T
44 58 1 T
45 58 1 T
45 59 1 T
45 60 1 T
45 46 1 T
46 61 1 T
46 47 1 T
46 58 1 B
46 78 1 B
47 62 1 T
48 62 1 T
48 63 1 T
49 50 1 T
49 66 1 T
51 52 1 T
51 67 1 T
51 68 1 T
52 69 1 T
52 67 1 B
52 86 1 B
53 54 1 T
53 69 1 T
54 55 1 T
54 70 1 T
55 71 1 T
55 89 1 B
56 91 1 T
57 58 1 T
57 73 1 T
58 59 1 T
58 74 1 T
58 75 1 T
58 77 1 B
58 74 1 B
59 75 1 T
59 76 1 T
60 61 1 T
60 76 1 T
61 76 1 T
61 62 1 T
61 78 1 T
62 79 1 T
63 79 1 T
63 64 1 T
63 80 1 T
63 79 1 B
63 65 1 B
63 100 1 B
64 65 1 T
65 66 1 T
65 82 1 T
65 82 1 B
65 67 1 B
66 67 1 T
66 82 1 T
67 68 1 T
67 84 1 T
67 102 1 B
67 82 1 B
67 79 1 U
67 89 1 U
67 111 1 U
68 69 1 T
68 85 1 T
69 86 1 T
70 71 1 T
70 87 1 T
71 72 1 T
71 89 1 T
72 90 1 T
72 91 1 T
72 105 1 B
72 107 1 B   
73 74 1 T
73 92 1 T
74 92 1 T
74 94 1 B
75 94 1 T
77 95 1 T
77 78 1 T
77 96 1 T
77 94 1 B
77 124 1 B
77 78 1 B
78 79 1 T
78 97 1 T
78 79 1 B
79 98 1 T
79 93 1 U
79 111 1 U
80 99 1 T
80 100 1 T
81 82 1 T
81 100 1 T
82 101 1 T
82 100 1 B
82 140 1 B
83 101 1 T
83 102 1 T
84 85 1 T
85 103 1 T
86 104 1 T
86 103 1 T
86 102 1 B
86 87 1 B
86 116 1 B
87 88 1 T
87 105 1 B
88 89 1 T
88 117 1 T
89 105 1 T
89 105 1 B
89 128 1 U
89 140 1 U
90 91 1 T
90 105 1 T
91 107 1 T
91 105 1 T
92 93 1 T
93 94 1 T
93 94 1 B
94 95 1 T
95 122 1 T
96 97 1 T
96 109 1 T
97 98 1 T
97 109 1 T
98 110 1 T
98 99 1 T
99 110 1 T
100 112 1 T
100 113 1 T
100 101 1 T
100 111 1 B
101 114 1 T
102 103 1 T
102 115 1 T
102 127 1 B
104 116 1 T
105 106 1 T
105 108 1 T
105 107 1 B
105 108 1 B
106 107 1 T
107 119 1 T
107 161 1 B
108 117 1 T
108 119 1 T
108 116 1 B
108 135 1 B
109 110 1 T
109 124 1 T
110 111 1 T
111 124 1 T
111 112 1 T
111 124 1 B
112 125 1 T
113 114 1 T
113 125 1 T
114 115 1 T
114 126 1 T
114 131 1 T
114 132 1 T
115 126 1 T
115 127 1 T
116 127 1 T
116 118 1 T
116 117 1 T
116 127 1 B
116 108 1 B
116 142 1 B
117 129 1 T
118 134 1 T
118 142 1 T
118 129 1 T
119 136 1 T
120 121 1 T
120 144 1 T
121 122 1 T
121 145 1 T
122 123 1 T
122 146 1 T
122 123 1 B
123 124 1 T
123 137 1 T
123 148 1 T
123 149 1 T
123 144 1 B
123 165 1 B
123 124 1 B
124 130 1 T
124 138 1 T
124 153 1 B
125 131 1 T
126 127 1 T
126 140 1 T
127 134 1 T
127 133 1 T
127 133 1 B
128 142 1 T
128 143 1 T
128 160 1 T
128 188 1 T
128 172 1 T
128 142 1 B
128 135 1 B
128 161 1 B
128 199 1 B
128 187 1 B
128 140 1 U
128 185 1 U
129 135 1 T
129 142 1 T
129 143 1 T
130 131 1 T
130 139 1 T
132 140 1 T
133 141 1 T
133 140 1 T
133 140 1 B
133 157 1 B
134 141 1 T
134 142 1 T
135 136 1 T
135 143 1 T
135 161 1 T
135 161 1 B
136 162 1 T
137 147 1 T
138 150 1 T
138 152 1 T
139 140 1 T
139 154 1 T
139 153 1 T
140 154 1 T
140 156 1 T
141 142 1 T
141 158 1 T
142 143 1 T
142 158 1 T
142 157 1 B
143 160 1 T
144 145 1 T
144 177 1 T
144 163 1 B
145 146 1 T
146 147 1 T
146 163 1 T
147 164 1 T
148 149 1 T
148 164 1 T
149 150 1 T
149 165 1 T
150 151 1 T
151 152 1 T
151 166 1 T
151 165 1 T
152 153 1 T
153 154 1 T
153 167 1 T
153 166 1 T
153 180 1 B
153 184 1 B
153 163 1 U
153 185 1 U
154 155 1 T
154 156 1 B
155 156 1 T
155 168 1 T
155 167 1 T
156 157 1 T
156 169 1 T
156 157 1 B
157 158 1 T 
157 170 1 T
157 185 1 B
158 159 1 T
159 170 1 T
159 172 1 T
159 186 1 T
160 161 1 T
160 173 1 T
161 174 1 T
161 199 1 B
162 175 1 T
163 177 1 T
163 176 1 B
163 191 1 B
164 178 1 T
164 179 1 T
165 179 1 T
165 180 1 T
165 191 1 B
165 180 1 B
166 181 1 T
166 183 1 T
167 168 1 T
167 183 1 T
168 184 1 T
169 184 1 T
170 185 1 T
171 173 1 T
171 175 1 T
171 199 1 T
172 187 1 T
173 174 1 T
173 188 1 T
174 175 1 T
176 177 1 T
176 189 1 T
176 190 1 B
178 189 1 T
178 191 1 T
179 191 1 T
180 181 1 T
180 193 1 T
180 190 1 B
180 184 1 B
181 182 1 T
181 193 1 T
182 183 1 T
182 195 1 T
183 196 1 T
184 196 1 T
184 197 1 T
184 185 1 T
184 185 1 B
185 186 1 T
185 187 1 B
186 198 1 T
187 188 1 T
187 198 1 T
188 199 1 T
189 190 1 T
190 191 1 T
190 192 1 T
190 191 1 B
191 192 1 T
192 194 1 T
193 194 1 T
194 195 1 T
195 197 1 T
196 197 1 T
198 199 1 T







